643000500071032046820641090089300054300829610010470008090000100002000400167954080
643798521971532846825641793789316254354829617216475938498263175532187469167954382
680092000150004030309000000000460001000509000400023000000000708010900064000680092
687392145152874639349156287735468921826519473491723856963245718218937564574681392
000200060358060000000900000403000007107090805500000604000005000000080713040009000
974258361358167942216943578483526197167394825529871634732615489695482713841739256
017520000008907000090000060072100009000000000500009870040000050000603700000051620
417526398658937142293814567872165439964378215531249876346782951125693784789451623
090015207024000080070000100000083000002000900000260000007000020010000830809530010
698315247124976583573428196956183472382754961741269358437891625215647839869532714
019470000004800000000000730400000027097204180380000009073000000000002600000018470
619473258734825961825691734461589327597234186382167549273946815148752693956318472
000000040050020001003681020008007000207090104000100600070356200500010070080000000
821935746659724831743681925418567392267893154395142687974356218536218479182479563
000000040247000008801020530000004050700532004050700000026090401400000829010000000
635178942247359618891426537182964753769532184354781296526893471473615829918247365
010000000004000809050897010400710000001549700000063004070481050102000900000000070
918634527734152869256897413423718695681549732597263184379481256162375948845926371
100030002000071000068502710006000701000000000302000600085109370000750000600040005
197834562523671498468592713746925831859316247312487659285169374934758126671243985
650010000001050200200003107006500000840000092000008400703200009009070300000090041
657412938381759264294683157976524813845137692132968475763241589419875326528396741
